Project Design General Proportion
ariya/phantomjs 283 894 0.240441801189
facebook/tornado 160 287 0.357941834452
kr/beanstalkd 42 78 0.35
TrinityCore/TrinityCore 386 2782 0.121843434343
kennethreitz/requests 331 903 0.268233387358
h5bp/html5-boilerplate 357 829 0.301011804384
mbostock/d3 269 597 0.310623556582
boto/boto 135 448 0.231560891938
moxiecode/plupload 144 376 0.276923076923
joyent/libuv 134 573 0.189533239038
Bukkit/CraftBukkit 323 888 0.266721717589
xbmc/xbmc 1095 2421 0.311433447099
twitter/gizzard 8 45 0.150943396226
netty/netty 449 969 0.316643159379
JakeWharton/ActionBarSherlock 146 464 0.239344262295
reddit/reddit 83 453 0.154850746269
mojombo/jekyll 343 952 0.264864864865
django/django 216 778 0.217303822938
zurb/foundation 407 1431 0.221436343852
joyent/node 447 1681 0.210056390977
django-debug-toolbar/django-debug-toolbar 38 148 0.204301075269
ginatrapani/ThinkUp 165 542 0.233380480905
joyent/http-parser 14 95 0.128440366972
thoughtbot/paperclip 216 623 0.257449344458
sebastianbergmann/phpunit 192 399 0.324873096447
facebook/php-sdk 10 31 0.243902439024
jquery/jquery 387 1094 0.261309925726
facebook/facebook-android-sdk 4 21 0.16
symfony/symfony 2246 4357 0.340148417386
scalatra/scalatra 39 78 0.333333333333
scala/scala 628 2359 0.210244392367
restsharp/RestSharp 43 174 0.198156682028
mitsuhiko/flask 100 309 0.244498777506
elasticsearch/elasticsearch 398 1129 0.26064178127
diaspora/diaspora 675 2639 0.203681351841
mongodb/mongo 26 172 0.131313131313
NancyFx/Nancy 139 373 0.271484375
mangos/MaNGOS 122 714 0.145933014354
akka/akka 632 1559 0.288452761296
bartaz/impress.js 64 122 0.344086021505
keithw/mosh 86 185 0.317343173432
nathanmarz/storm 116 254 0.313513513514
liuliu/ccv 12 36 0.25
cakephp/cakephp 424 1017 0.294240111034
divio/django-cms 269 966 0.217813765182
codeguy/Slim 104 225 0.316109422492
FortAwesome/Font-Awesome 155 875 0.150485436893
jkbr/httpie 12 70 0.146341463415
rails/rails 2835 7686 0.269461077844
facebook/hiphop-php 144 544 0.209302325581
midgetspy/Sick-Beard 105 338 0.237020316027
robey/kestrel 17 67 0.202380952381
sbt/sbt 174 321 0.351515151515
SignalR/SignalR 324 1116 0.225
rstudio/shiny 29 89 0.245762711864
EllisLab/CodeIgniter 281 714 0.282412060302
SamSaffron/MiniProfiler 14 86 0.14
chriseppstein/compass 213 748 0.221644120708
gitlabhq/gitlabhq 667 2960 0.183898538737
zendframework/zf2 586 1726 0.253460207612
AutoMapper/AutoMapper 56 135 0.293193717277
yihui/knitr 128 292 0.304761904762
openframeworks/openFrameworks 459 1062 0.301775147929
mrdoob/three.js 887 1968 0.310683012259
harvesthq/chosen 92 271 0.253443526171
twitter/flockdb 13 34 0.276595744681
libgit2/libgit2 489 995 0.329514824798
twitter/finagle 42 90 0.318181818182
imathis/octopress 200 622 0.243309002433
bitcoin/bitcoin 684 1790 0.276475343573
github/android 30 163 0.155440414508
plataformatec/devise 401 1176 0.254280279011
antirez/redis 161 521 0.236070381232
twitter/zipkin 33 140 0.190751445087
ravendb/ravendb 5 51 0.0892857142857
ServiceStack/ServiceStack 52 125 0.293785310734
vmg/redcarpet 46 159 0.224390243902
mono/mono 81 270 0.230769230769
mxcl/homebrew 2531 11634 0.178679844688
hbons/SparkleShare 245 641 0.276523702032
hadley/devtools 64 172 0.271186440678
